0 0 0 0 0 0 0 0 0 0 0 0 0 0 0 0 0 0 0 0 0 0 0 0 0
0 0 0 0 0 0 0 0 0 0 12 12 12 12 12 0 0 0 0 0 0 0 0 0 0
0 0 0 0 0 0 0 12 12 12 23 23 23 23 23 12 12 12 0 0 0 0 0 0 0
0 0 0 0 0 12 12 23 23 23 33 33 33 33 33 23 23 23 12 12 0 0 0 0 0
0 0 0 0 12 23 23 33 33 33 42 42 42 42 42 33 33 33 23 23 12 0 0 0 0
0 0 0 12 23 33 33 33 42 42 42 50 50 50 42 42 42 33 33 33 23 12 0 0 0
0 0 0 12 23 33 42 42 50 50 50 57 57 57 50 50 50 42 42 33 23 12 0 0 0
0 0 12 23 33 33 42 50 57 57 57 63 63 63 57 57 57 50 42 33 33 23 12 0 0
0 0 12 23 33 42 50 57 57 63 63 68 68 68 63 63 57 57 50 42 33 23 12 0 0
0 0 12 23 33 42 50 57 63 68 68 72 72 72 68 68 63 57 50 42 33 23 12 0 0
0 12 23 33 42 42 50 57 63 68 72 75 75 75 72 68 63 57 50 42 42 33 23 12 0
0 12 23 33 42 50 57 63 68 72 75 77 77 77 75 72 68 63 57 50 42 33 23 12 0
0 12 23 33 42 50 57 63 68 72 75 77 78 77 75 72 68 63 57 50 42 33 23 12 0
0 12 23 33 42 50 57 63 68 72 75 77 77 77 75 72 68 63 57 50 42 33 23 12 0
0 12 23 33 42 42 50 57 63 68 72 75 75 75 72 68 63 57 50 42 42 33 23 12 0
0 0 12 23 33 42 50 57 63 68 68 72 72 72 68 68 63 57 50 42 33 23 12 0 0
0 0 12 23 33 42 50 57 57 63 63 68 68 68 63 63 57 57 50 42 33 23 12 0 0
0 0 12 23 33 33 42 50 57 57 57 63 63 63 57 57 57 50 42 33 33 23 12 0 0
0 0 0 12 23 33 42 42 50 50 50 57 57 57 50 50 50 42 42 33 23 12 0 0 0
0 0 0 12 23 33 33 33 42 42 42 50 50 50 42 42 42 33 33 33 23 12 0 0 0
0 0 0 0 12 23 23 33 33 33 42 42 42 42 42 33 33 33 23 23 12 0 0 0 0
0 0 0 0 0 12 12 23 23 23 33 33 33 33 33 23 23 23 12 12 0 0 0 0 0
0 0 0 0 0 0 0 12 12 12 23 23 23 23 23 12 12 12 0 0 0 0 0 0 0
0 0 0 0 0 0 0 0 0 0 12 12 12 12 12 0 0 0 0 0 0 0 0 0 0
0 0 0 0 0 0 0 0 0 0 0 0 0 0 0 0 0 0 0 0 0 0 0 0 0
